-1.018899 1.163754
0.697726 1.195147
-0.101237 0.035950
1.458116 0.042791
-1.563855 1.508237
-0.716637 -0.343768
-0.557115 -0.444424
-0.695978 -1.144540
-0.534252 0.715074
-1.319517 -1.059666
0.160392 -0.467429
-0.259341 0.766090
-0.053134 -0.359996
0.189658 -0.095557
0.491898 0.612715
0.080881 0.874914
0.096678 0.372660
0.276928 -0.414985
0.056653 -0.000108
-0.547157 0.438703
-0.336759 1.100024
0.412715 0.062032
0.826360 0.543738
0.585782 0.215961
1.898682 -1.062649
-0.162697 1.123073
-0.263246 -0.679622
-0.061944 -0.416371
0.235498 0.817479
-0.533473 0.107124
0.839018 -0.277527
0.422303 0.341740
-0.537654 0.472591
-0.429815 -0.350903
-0.480941 0.571492
0.213985 1.356841
0.301671 -0.874242
0.810496 -0.051032
-0.301955 0.440956
-0.733405 -1.113591
0.776070 0.327415
-0.597238 -0.018047
1.314629 -0.430936
1.157005 -0.785024
-0.198176 0.572370
0.834264 0.394984
-0.075104 -0.168276
0.982084 -0.954622
-0.385574 -0.218486
0.562884 1.156204
-0.443894 0.069546
-1.363686 -0.033619
-0.463111 0.312218
-1.025240 -0.472598
0.022738 -0.617944
-0.563968 0.088247
-0.976304 1.068755
0.414801 0.092983
-0.422263 -0.693815
0.730825 0.564527
0.200757 -0.108100
-0.438871 0.637224
-0.612857 0.612997
-0.166242 0.372077
-0.121480 0.877660
-0.038772 0.125191
-0.501338 -0.225527
0.090694 -1.273368
-0.334797 0.250856
0.641214 -0.529333
1.894912 -0.063947
0.709431 0.233015
0.273750 0.746618
-0.288930 -0.295392
0.208352 0.612967
0.296143 0.289977
-0.064144 -1.484526
1.003245 -0.389424
-0.577398 0.958172
-0.148657 -1.393606
-0.110903 -0.410462
-0.012492 -0.714334
0.721870 0.924317
2.351155 0.948133
0.278946 -0.370898
0.933117 0.828972
0.766345 0.068810
-1.414493 0.415644
-0.208375 -0.491229
0.698267 0.349647
0.270687 0.869018
-0.150942 0.582501
0.100285 0.904697
-0.725085 -0.150537
0.364349 0.575657
0.805383 -0.190444
0.536305 -0.274091
-0.662653 1.105396
1.312412 -0.039755
0.884299 -0.011009
-1.077676 -1.080023
-1.420216 0.585890
0.254110 0.079808
-0.083025 0.323208
0.145478 -1.208434
0.280363 0.900691
-0.541109 -0.415095
-0.871740 0.187082
-0.475256 -0.537201
0.188185 -0.348543
-0.124658 -0.674407
-0.534117 0.533215
-0.098707 -1.296768
0.634754 -0.430856
0.445289 1.103160
-0.225467 -0.672419
-0.435478 0.589207
0.734430 0.406079
-0.417564 -0.354597
-0.249816 -0.644216
0.276220 0.375767
0.500647 -0.548576
-0.228634 -0.200817
0.543160 0.151215
0.628560 -0.093355
-0.974769 -0.452736
0.500686 0.966464
1.013546 -1.092350
-0.014326 -0.401094
-0.634604 1.209286
1.410983 0.736910
0.283967 -0.603423
-0.738169 0.248816
-0.285103 0.901559
-0.874340 -0.006629
-0.607315 1.229127
-0.215351 0.507383
0.421927 -0.110945
-0.057499 -0.363476
1.029951 -0.378127
1.315129 0.576352
-0.486193 -0.075703
0.676912 -0.191521
1.150756 -1.141550
-0.285374 0.586025
-1.501141 -0.047666
-0.304960 1.178735
-0.274000 -0.091252
0.482289 0.422703
-0.610304 0.579407
0.225062 -0.805539
-0.607114 0.553357
-0.598903 -0.122664
-0.559458 0.432919
-0.592721 -2.187046
-1.084476 -1.058452
-0.382931 0.020466
-0.539563 0.010499
0.216749 -0.959333
-0.479851 0.602063
-0.144856 -0.155915
-0.926721 0.935504
-0.060108 -1.422735
-0.169616 -0.143927
-0.910099 1.659294
-1.088966 -1.303137
0.815687 -1.167238
-0.313270 -0.218358
0.347145 -0.453562
1.439338 1.466157
-0.435590 -0.394593
1.130487 0.497243
-0.948243 -0.937638
-0.438149 0.940185
-0.530728 -0.848047
0.164145 -0.439561
-0.613545 -0.514779
0.385163 -0.277613
-0.950442 -1.014391
-0.022184 0.953821
0.866201 -1.113927
-1.481278 0.722103
-0.240640 0.705939
0.118604 0.766368
0.829579 0.691836
0.305945 0.345750
0.266014 -1.089559
0.082000 -0.322414
-0.407589 -0.360359
0.626826 -0.790961
0.795363 -0.918505
0.003427 1.213305
0.778591 -0.074415
1.490624 0.836926
-0.719655 0.356475
-0.084827 1.533029
0.036620 0.336849
0.979306 0.980484
0.233097 0.128359
1.630431 0.630386
0.897416 -0.532994
-0.874791 0.393106
0.122516 -0.200818
0.433044 -0.662879
-0.484192 0.362650
1.161592 0.031637
0.769898 -0.224703
0.053616 0.957438
-0.023601 0.731185
0.580200 -0.207722
0.703333 -0.580160
2.071022 -0.805269
0.160578 -0.694593
0.464145 0.578827
-0.909578 0.822358
-2.031927 1.151871
-0.847437 -1.334119
0.363256 0.156794
-0.240157 -0.389535
0.197461 -0.574385
-0.313482 -0.732359
-0.517625 -1.295614
0.097713 -0.555021
1.264160 -1.368752
-0.178632 -0.638232
-1.485439 -0.503263
0.215707 0.083496
0.695423 0.898595
-0.098857 -0.092816
0.980160 -0.519085
-0.341605 -0.940343
0.687161 1.023799
-1.182852 -0.160318
0.251619 0.198792
-0.298825 0.114580
0.318278 -1.556612
1.310076 -0.212585
0.345742 -0.366375
-1.201967 0.335983
0.009429 -2.363240
-1.217158 0.830461
1.079358 -0.050107
-0.023618 1.804046
0.018735 1.290038
-0.996026 -0.939114
0.323678 -0.130305
0.236641 -1.255153
-0.365770 -0.551228
-0.296618 0.085248
-0.147021 -0.245687
-0.900910 -1.039432
-0.662065 0.352991
-0.234381 -0.061083
-0.720406 -0.167962
-0.932015 0.704779
0.997248 0.233609
0.157856 0.451861
-1.251724 1.043262
0.654656 0.312719
0.709780 1.057061
-0.635864 0.187642
-0.230522 -0.671229
-0.361960 -0.828867
0.493328 -0.825614
0.225434 0.687801
0.162043 -0.160008
0.965111 -0.076205
1.029495 -0.791121
-0.695750 0.265094
-0.175961 -0.659778
-0.384016 1.689920
-0.970336 0.636199
-0.082295 -0.322180
0.447047 -0.342038
-0.771909 0.580226
-0.114437 0.296610
-0.878779 -0.417409
-0.104265 -1.014317
-0.046327 -0.540139
0.352032 0.421836
-0.179430 1.255543
0.526254 -0.328743
-0.993907 -0.110716
1.243033 -0.817197
-1.254586 -0.142190
-0.602726 0.245137
0.515808 0.329284
1.414029 0.729208
-1.160887 1.494983
-0.353253 -1.027313
-1.101787 0.856305
-0.737852 -1.464970
0.179640 0.537959
-0.451545 -0.401696
-0.625900 -0.177557
-1.461607 -0.428294
1.710946 -0.275614
0.860691 -0.164342
-0.552962 -0.108952
-0.218443 -0.581429
-0.760584 0.640369
0.635019 -1.610375
1.236020 0.496788
0.232448 -1.056105
-0.543388 1.119681
0.849649 0.048931
-0.905146 -0.044736
0.037958 -0.706771
-0.560869 0.773973
0.386897 -0.146690
0.687440 -0.011723
-1.579605 -0.658416
-0.290091 0.250097
-0.232042 1.062545
-1.446825 -1.236790
0.962179 0.113062
-1.791770 0.511980
0.360951 -0.151460
-0.135783 -0.945050
0.251466 -0.654566
-0.316726 -0.180920
0.633545 0.343193
-0.467853 0.113242
-0.614065 -0.386651
0.302743 -0.686927
-0.349215 0.523861
-0.232409 2.128152
0.116363 1.029894
-0.353139 0.367878
0.277179 0.250169
-0.390489 -0.410250
0.136787 0.305609
0.645096 -0.456372
0.486493 -0.108067
1.037812 -0.738686
0.455541 -0.137326
0.312522 -0.257388
0.268738 0.625989
-0.065372 0.691898
-0.131272 -1.168962
0.232568 0.428987
-0.576384 0.069350
0.550815 -1.484569
0.280147 0.278875
-0.972764 -0.482799
0.065444 -0.862802
-0.178831 -1.272383
0.070290 0.006801
-0.236298 -0.615300
1.188669 0.578765
-0.505472 -1.017637
-0.392812 -0.146064
0.183492 -0.978403
-0.780152 -0.922030
0.340333 1.160445
-0.033971 0.168035
0.234140 -1.929322
1.313600 0.399315
-1.256406 1.762069
-0.366865 0.552860
-0.812208 0.469944
-1.487342 -0.433977
-0.314083 0.508989
0.461444 -0.454255
-0.715042 -0.336616
-1.669158 0.364581
-1.040053 0.515182
-0.381979 0.032265
-1.429462 -0.627288
0.104250 -0.576597
0.225606 -0.308263
0.729446 -0.833944
-0.013104 -0.662164
0.042481 -0.431470
0.310484 -0.201655
-0.299664 -0.041610
0.706472 0.567005
0.451502 -0.913544
0.444803 0.807121
-1.459837 -2.221227
0.466641 0.197503
-1.168752 1.021768
0.218295 -0.576460
0.852660 1.069206
-0.988217 1.431913
1.978431 -0.269842
0.622016 0.218005
-0.194613 -0.227782
0.908499 0.120910
-0.926226 0.747316
0.129681 -0.638602
0.894002 -1.726422
-0.934775 -1.050510
0.768574 -0.080007
0.192440 0.855617
0.220006 -1.073892
-1.027394 0.125814
0.564042 0.423561
0.004582 -0.125163
-1.323957 0.372000
0.583246 -0.004577
-0.317350 -0.391827
0.650814 -0.229209
-0.151305 0.592316
-0.189043 0.728961
-0.181625 -0.753700
-1.132951 -0.342157
0.803538 -0.249647
0.060216 -0.630175
-0.647923 0.229803
-0.013286 -0.473832
0.029684 0.101286
0.574022 -0.365197
0.631657 -0.355595
-0.824079 0.054987
0.686431 -0.572662
0.101405 0.226208
0.341634 1.123284
0.522493 -0.202583
0.662466 0.176107
0.650860 0.143410
-0.736024 -0.211239
0.832204 0.337825
0.043806 0.045347
0.678237 0.222049
-0.708294 -1.119806
-0.422574 0.960590
-0.551792 0.347577
0.163476 0.907231
0.312125 0.538908
-0.834544 -0.040124
-0.430295 0.185971
-1.238835 1.966024
0.683558 0.714976
-0.045599 -0.432986
-0.210876 -0.266054
-0.652932 -0.059578
-0.044761 -0.554331
-0.204614 0.044610
0.766480 0.652027
0.136975 -0.285366
0.688629 0.560104
0.026716 -0.373082
-1.559106 0.900104
0.233988 0.106095
0.323428 1.303091
-1.231434 -0.793641
-1.075689 -0.988431
-0.270363 -0.686634
0.482385 -0.282633
-0.189980 0.603979
-0.332128 0.319089
0.007058 -0.049556
0.603065 1.106312
0.407388 0.883246
0.246899 0.694319
0.073944 0.187631
-0.326588 0.925416
0.465217 1.377318
0.232570 -1.737791
0.383261 -0.355218
-2.387263 0.798567
0.293791 -0.875286
-0.879088 0.028407
0.038768 0.535727
0.636369 0.419425
0.223844 -0.176286
0.365550 0.143758
-0.569505 -0.622253
0.020574 -0.539424
0.985592 -0.626245
0.150321 0.458929
0.730302 0.243600
0.202279 -0.780283
0.585501 0.089150
-0.527742 -0.183889
0.212496 -0.211039
-0.162596 0.447829
-0.957623 0.109449
-0.991510 -1.400808
0.309594 -2.639910
0.099927 0.519115
1.277708 0.483058
0.618826 0.128905
-0.331504 -0.975607
-0.437255 0.185111
-0.089474 -0.102197
-1.092896 0.159223
0.321889 0.175088
0.941354 1.186014
1.213533 -0.687154
-0.760890 0.772237
0.434524 0.131088
0.028473 0.452476
-0.013418 0.327922
0.298641 1.105682
0.689328 -0.998606
0.278342 -0.237141
-0.317643 -0.260343
0.826403 1.585500
-0.803614 1.023901
0.354919 0.821084
-0.239038 -0.233213
0.660832 -0.409647
-0.097723 -0.799619
0.025436 -0.004963
0.202488 -0.318154
-0.975995 0.983357
0.534256 0.985923
-0.008383 -0.162869
0.566426 0.111319
0.254201 -0.611413
0.230003 -0.503714
-0.280226 -1.415563
-0.582911 -0.800531
0.228651 -0.189938
0.272663 -1.833708
0.893991 0.042546
-1.058858 0.595432
1.189240 -0.663197
0.037211 0.829687
0.441835 -0.294126
1.217471 0.248981
0.069450 0.504995
0.265578 -0.717902
-0.196340 0.348713
0.785197 -0.040526
-0.225843 -0.298335
0.467618 -1.122912
-0.667317 0.739001
-1.697016 -0.687955
0.700707 0.656232
0.853897 -0.628493
1.177381 -0.464568
0.842594 -1.170025
-0.315435 0.112286
-0.812580 -0.918847
-0.541594 -0.535126
0.921766 0.095789
0.244282 0.293865
-0.299370 1.108772
-0.573477 -0.233123
-0.160237 -0.127926
-0.431418 0.227686
-0.029612 -0.446706
-1.405450 -0.146472
1.974954 0.086779
-0.270807 0.465399
-0.311957 0.075382
0.488233 0.160362
0.670788 0.102663
0.606522 -0.119310
-0.225175 -0.800974
0.505360 -1.033974
-0.540890 -0.378715
0.644423 -0.958107
-0.010170 -0.881068
1.018137 0.092992
-0.603057 -0.614420
-0.708743 0.635859
-0.457623 1.838430
0.535515 -0.478865
0.832516 -0.381899
-0.958536 -0.202458
2.116299 -0.345492
-0.351483 0.145789
-0.297606 0.518290
-0.711958 0.006480
0.739142 0.184851
0.104878 0.980454
0.161555 -0.196477
-0.148210 -0.120762
0.650422 0.338901
-0.322880 0.891419
0.730941 0.402138
-0.122317 0.344700
0.453018 -0.203204
0.153385 0.711881
-1.048165 -0.420477
-0.000159 0.366331
-0.156787 -1.083851
0.044860 0.375714
-1.215977 0.422374
-0.304304 -0.153438
1.882801 -0.056310
-1.231326 -1.144576
0.562649 1.020959
0.170331 1.457427
0.812104 -0.209550
1.522333 0.832220
-0.193533 1.023851
-0.812522 0.048272
0.837942 -0.428858
-0.186774 0.688602
-0.702515 0.499329
-0.213154 -0.066835
0.117038 -0.408308
-0.392406 -0.259014
-0.154721 0.339453
-0.028150 0.248916
-0.047087 -0.236907
0.223537 -1.417273
0.388469 0.773302
1.838961 0.492261
0.575646 -0.675691
1.406358 0.128179
0.519311 -1.130414
0.088202 -0.467829
-0.194891 0.616288
0.437442 -0.235114
0.019207 0.414071
0.825337 0.120168
1.576322 0.309791
-0.219605 -0.991969
0.399860 0.855682
0.455330 1.001798
0.359552 0.406489
-1.664425 -0.270286
0.353235 -0.948698
1.096755 -0.798200
1.399565 0.260032
0.541976 -1.188753
-1.064352 -0.506555
-0.996714 -0.255477
0.439519 -0.463607
0.248845 -0.089091
0.857206 1.231713
0.237218 -0.726070
0.298881 0.146449
0.162427 -0.332005
-0.927294 -0.293490
-0.600808 0.191288
1.069783 -0.351584
-0.018451 -0.132944
-0.101013 0.713664
0.457216 1.347663
-0.711869 0.056695
0.127953 1.009131
-0.307054 -0.801838
-0.109719 -0.202991
0.010381 0.132181
0.072649 0.813080
-0.326356 0.032173
-1.028821 -0.246952
-0.387355 0.640854
0.499224 0.897710
0.213399 1.091673
-0.018366 -0.282817
-0.271141 -0.375384
-0.077181 0.608198
0.473571 0.202903
0.361395 -0.442100
0.996423 0.285243
0.844252 0.110877
-0.308923 -0.284739
-0.622562 -0.477011
0.128560 -0.740207
-0.219398 -0.630950
0.353857 -0.386392
-1.204485 0.628023
0.485679 0.065776
0.876472 0.237683
-0.099621 0.818961
0.053000 1.637522
-0.134455 -0.005457
0.628410 0.300626
0.961720 -0.275892
-0.202807 0.331070
-0.292862 1.154775
1.723472 -0.079015
1.203401 0.556252
-0.386878 1.167845
-0.288727 -0.395402
-0.126190 1.569971
0.285864 1.381980
0.330414 0.682680
0.529978 0.421358
0.049376 -0.887603
0.980063 0.369670
-0.385506 -1.056138
-0.335442 -0.151672
0.327660 0.183390
0.478439 -0.001002
-0.494551 -0.457768
-0.600893 -0.398119
1.268831 -0.169342
1.167125 0.317704
-0.038593 1.195653
0.264289 -0.910800
0.922730 -0.669924
-0.138319 -0.974646
1.187120 0.410193
-0.431207 0.563290
-0.496567 -0.878415
0.025673 0.153589
-0.189849 0.272064
-0.110909 -0.187866
-0.255493 1.239300
-0.996553 -0.203113
0.208343 1.091350
1.189863 0.943766
0.325753 -0.487138
0.265456 -0.572041
-2.267204 0.123355
0.651570 -0.280340
-0.874816 -0.685864
0.379178 -0.384753
0.146191 -0.265504
-0.239268 0.666159
0.289474 0.399064
-0.292173 -0.725247
0.963378 -0.041206
-1.283968 0.796793
-0.726436 -1.751624
0.566342 1.015192
0.454251 1.126606
0.032140 -0.383699
-1.735241 0.183507
1.646890 -0.409158
-1.439072 -0.627889
-0.174674 -0.087488
-0.302097 0.195183
-0.815774 0.492910
0.287483 -0.578879
-0.049053 0.232302
-1.840644 -1.648862
-0.965136 -1.440662
0.891205 -0.261963
0.215725 0.676541
-0.505697 0.790722
0.246765 -0.641960
1.821618 1.417738
-0.162037 0.950831
0.482221 -0.957603
-0.150069 0.368613
-1.169528 -0.503357
0.869651 -0.026677
-0.619685 0.672646
-0.699322 0.617552
0.530445 -0.512456
-0.817074 0.647177
-0.223663 -0.012861
-0.725368 -0.587112
0.434779 0.252180
0.359166 1.326735
-0.640483 1.423967
-0.596699 -0.628583
0.921358 0.501390
0.435169 0.545473
0.511572 -1.004355
0.906689 -0.031816
0.959747 0.767259
-0.074167 0.806446
-1.966842 -1.021721
0.398395 0.319244
-0.120600 0.129356
-0.314755 -0.043214
-0.397884 1.159217
-0.319163 0.797056
0.086768 -0.934542
-0.318480 0.266477
-0.148930 -0.909772
0.465942 0.301491
0.030588 -1.582219
-0.264068 -0.310397
-0.998847 0.158062
-1.323832 0.779583
-0.713570 1.077133
0.039006 0.298450
0.612121 0.891899
0.427792 0.944090
0.311739 1.097142
-0.676843 1.139944
-1.651168 -0.019802
0.069973 -0.179156
0.767129 -0.466829
-1.302611 0.148626
-0.271643 -0.822675
1.087716 -0.456911
-0.346790 1.077903
0.187337 -0.400476
0.189958 -0.652769
-0.152894 2.215845
1.065080 -0.324198
-0.386829 -0.042565
-0.022809 0.587778
-0.286347 0.015745
0.707295 -1.367153
-0.326270 1.568914
-0.608098 -0.766609
-0.740288 0.339684
1.383077 -0.219262
1.610161 0.052507
-0.253629 0.157260
0.202224 0.489593
-1.338914 0.702038
-0.614226 -0.106890
0.228996 -0.375349
-1.141844 0.003604
0.220847 0.299955
-0.167185 -0.041115
1.122728 0.500526
0.406282 1.192268
0.400001 1.218829
-0.174945 -0.116490
-0.151454 0.528962
0.139808 -0.605281
0.257805 -0.124422
-0.023200 0.410706
1.387880 0.568674
0.189668 0.255344
-0.213738 0.260299
-0.154797 0.142510
-0.419986 -0.963253
-0.251949 0.236272
-0.417017 -0.813934
-1.142297 0.123682
0.256823 -0.756960
-0.011065 -0.479995
0.398440 -0.749264
-0.137182 0.750146
0.969612 0.343175
0.024689 -0.303852
-0.201936 0.978565
-0.563035 1.112524
1.273110 -1.171362
-0.970543 0.670136
0.984514 -0.981143
0.148031 -0.689553
-1.216643 0.380947
-0.476541 0.212170
0.225949 -0.633068
-0.582634 1.186040
-0.048860 -0.187383
0.829391 -0.966381
-0.074400 -1.745174
1.240905 1.335370
-1.494240 -0.513602
-0.734875 -0.154628
1.090458 0.574577
1.002098 0.429580
0.629105 0.701954
0.504400 -1.060732
-0.096447 0.816363
0.095327 -0.055143
-0.311516 1.417335
-0.579085 0.106955
-0.619224 0.915531
0.300713 -0.744134
0.740388 0.333313
-0.407714 -0.145054
-1.502877 -0.090465
-0.039364 -0.230738
-0.824000 0.260262
-0.277266 -0.087872
0.750126 -0.666643
0.463055 0.448912
0.626567 0.534666
-1.080827 -0.324832
-0.329395 0.354397
-0.013888 -0.390921
-0.557243 0.676515
-0.774956 -0.464416
-0.664983 -0.726575
-0.759701 0.083435
0.165993 0.388301
1.665257 1.364568
0.315713 1.761765
-0.986783 0.623697
-0.550448 0.207076
-1.366132 -0.388114
0.136976 -0.368532
1.095086 -0.568170
0.669690 0.843744
0.705247 0.045637
-0.207383 -0.049443
0.971539 0.075790
0.903480 -0.789387
0.415681 0.592189
-1.975972 -0.444347
-0.169211 -0.241508
-1.013366 0.683470
0.152860 0.106829
-0.957073 -0.036821
-0.494417 0.921011
-0.003320 0.685075
-1.088071 -0.232652
-0.323752 0.044887
-0.481685 -0.939264
-0.764387 -0.437606
0.830794 -0.441207
-0.741964 -1.249663
0.022694 1.380363
1.186906 0.885611
0.281731 -0.540749
-0.808336 0.241742
-0.568645 0.319625
0.542473 0.390061
-0.292219 0.316583
-0.357919 -0.045299
-0.154711 0.120479
-0.386040 -0.414237
0.384689 -0.913879
0.367586 0.156161
-0.353183 0.414169
0.504851 -1.091207
-0.073962 0.488097
0.345174 0.674494
0.064447 -1.442699
-0.172699 0.923334
-1.278082 -0.364424
-0.498303 1.083338
-0.666988 -1.022963
-0.287804 -0.525461
0.623415 0.229021
1.006554 -0.311452
-0.377756 0.997289
-0.913000 0.990266
1.100255 -0.274247
-0.081542 1.198487
0.026005 -0.685266
-0.096693 0.728383
-0.305681 0.496011
0.574922 0.078423
-0.406466 -0.436659
-0.270630 -1.412531
-0.971357 -0.147242
-0.320133 -0.208675
0.822730 0.161198
-0.595459 -0.207997
-0.920386 -0.451535
0.513247 0.073522
-2.594427 -0.788418
-0.108377 0.527744
0.245067 -0.413008
-0.163609 0.544483
-0.652193 0.439693
-1.160989 0.968015
-0.751376 -1.330954
-0.489359 -1.257647
-0.045546 -0.630286
0.014242 -0.343961
-0.070292 0.747024
-0.159114 1.472695
0.551206 -0.078520
0.185256 0.826636
-0.357212 -0.306662
-1.020557 0.111886
-0.027125 0.027582
0.042420 0.227167
-0.603999 -0.311119
1.255774 -0.591875
-0.553327 -0.689107
-0.970498 -1.442674
0.441588 0.320743
0.204149 0.622863
-0.134882 -1.196971
0.001913 -0.073987
-0.320948 -0.099081
0.229904 -0.248352
-0.130857 -0.683709
0.323483 0.456732
0.303201 0.433006
-0.715408 -0.626667
0.277938 -0.505693
0.320325 0.135576
-0.766856 -0.584309
-0.807690 0.254770
-0.458987 -0.247786
-0.905656 -0.520790
-0.001587 -1.010310
1.306127 0.895405
0.052067 0.014937
0.747835 0.604458
-0.858158 0.378336
-1.095195 0.333029
-0.086878 1.218271
0.521328 -0.414468
-0.341129 0.112441
0.105945 0.936082
-0.012700 -0.189926
-0.174654 -1.021407
-0.513681 -0.491261
-0.137621 -0.304731
0.932131 0.759349
-0.170908 -0.776232
0.748760 0.071285
-0.791720 0.211518
0.132272 -0.109920
0.015582 0.594166
-0.157453 1.497637
-0.684176 -0.542998
-1.310844 1.138473
1.465730 -0.016843
0.530863 0.139271
-0.988492 -2.109561
-0.056816 -0.203299
0.338367 0.414753
-0.473137 -0.405395
0.633830 -0.096250
1.358429 -0.893434
-0.267134 -0.279149
-0.305471 -0.156016
1.102995 -0.816082
-0.060558 0.742719
-0.931066 -0.934526
-0.204384 -0.373325
-0.370158 0.124059
-0.070143 -0.110707
0.547884 0.209903
-0.008750 -0.450885
0.082689 -0.139111
0.795227 0.724964
-0.326490 1.214766
0.127138 -0.193561
0.250291 1.150911
-0.343859 0.159460
1.133517 -0.544382
-0.410082 0.339263
-0.925725 -0.352938
0.632878 -0.245661
-0.048447 -0.551204
-0.924132 -0.301482
-0.098046 -0.101789
