-0.863403 5.369931
0.625287 -3.466942
-2.192238 -2.533574
-1.983429 0.854356
1.320278 1.398077
-1.892238 0.634784
-0.715891 1.483997
5.281240 0.132856
-0.300614 -3.946743
-0.052108 -0.204645
1.046575 0.052362
-1.537941 1.724387
-1.493798 0.473056
-1.276139 1.092673
-1.323490 1.001917
0.741872 1.100038
-0.197491 -0.080969
0.251353 1.860055
0.476605 0.084455
1.533431 0.631579
-3.716088 3.153028
0.943779 2.463174
5.027485 1.016468
-0.770274 -1.875084
-2.413577 -1.213993
-2.621224 -2.025399
8.186766 1.330724
-1.762379 2.247522
-2.477567 0.527980
2.043479 4.739628
-1.384453 -0.182898
1.848248 0.518784
-4.491104 1.459638
2.356275 0.479853
-0.447473 -0.848478
2.918271 -2.847161
3.584865 -1.327591
-4.373398 -0.861486
2.002302 -0.180518
-1.640568 1.432875
2.956599 -3.793267
-0.391056 -0.004381
-1.152783 0.993445
1.777838 1.650215
1.649403 -3.651674
3.278118 -0.988901
1.741202 2.244584
1.324045 -5.420203
2.294894 2.532268
0.981808 -0.887238
-1.660003 1.481119
-1.301784 0.711825
-0.113667 3.987680
-0.122042 -3.180345
1.668450 0.573801
0.330328 2.262914
0.560708 -2.122409
2.009881 1.740837
-0.646552 0.021583
0.935273 0.602536
-2.841074 2.523009
-1.272436 2.204716
-2.375468 0.142261
-3.261060 2.299250
2.327324 -4.341993
-0.354129 -0.207254
-2.160692 1.360608
0.249934 3.541874
-4.084413 -0.718716
2.986654 0.508231
3.293529 0.616460
0.109249 -1.538997
1.446206 -0.382926
-1.906489 -3.664896
-0.974136 -1.300483
-0.872254 1.837023
2.585106 -1.528965
1.264413 2.824771
-1.505191 1.276744
-3.731527 -0.315404
-2.025601 -2.545217
-1.349224 2.327315
-0.085265 -2.770260
-2.635003 -1.019244
-2.800689 2.389975
-0.494417 -2.786215
-0.140512 3.246456
1.209523 4.389145
-1.885683 -1.892338
1.481367 0.135649
-0.291260 2.239061
0.121401 4.398188
-1.875431 -0.653898
-0.501552 0.444217
0.439000 -3.124517
5.707027 -0.895983
-3.516923 4.260071
-0.395724 0.249166
-0.164912 0.810735
-2.726544 -2.365251
-0.905130 1.229510
-0.129966 4.193262
1.085338 0.090824
6.338212 0.252200
3.388261 1.666982
1.874799 1.150961
-0.168958 -0.118262
2.297417 -0.544671
-4.083045 3.808049
-1.898388 1.569156
-1.212752 1.321142
-1.847401 -0.179663
-0.433036 0.447707
5.145456 -0.275519
0.180062 -0.417973
-0.548815 2.516358
-0.439321 -4.036591
4.654817 -1.975279
-1.755783 -0.873620
-0.657262 -1.175699
0.083544 1.671520
2.322365 2.047741
0.843009 1.659729
1.035840 -2.228197
2.268997 -0.466543
0.771725 1.778775
2.498095 1.480096
1.395505 0.847467
